variant_id,stop_id
704332,1249
704332,27
704333,26
704333,3133
705028,1249
705028,27
705029,26
705029,3133
705090,3276
705091,3332
705100,3276
705110,3332
705110,3367
705111,3332
705119,638
705119,705
705120,706
705120,639
705121,706
705121,639
705128,638
705128,705
705129,706
705129,639
715169,637
715169,668
715169,1074
715170,3811
715170,667
715170,3798
715170,636
715171,637
715171,668
715173,667
715173,3798
715173,636
715849,637
715849,668
715849,1074
715850,3811
715850,667
715850,3798
715850,636
715853,667
715853,3798
715853,636
719791,616
719791,1248
719791,711
719791,2279
719791,3599
719791,3604
719791,3601
719791,3663
719791,1083
719792,1200
719792,3662
719792,3600
719792,3603
719792,3598
719792,3415
719792,2828
719792,1819
719793,711
719793,3422
719793,3607
719793,3641
719794,3640
719794,3608
719794,3415
719794,2828
719795,616
719795,1248
719795,711
719795,2279
719795,3599
719795,3604
719795,3601
719796,3600
719796,3603
719796,3598
719796,3415
719796,2828
719796,1819
719797,616
719797,1248
719797,711
719797,2279
719797,3599
719797,3604
719798,3617
719798,3603
719798,3598
719798,3415
719798,2828
719798,1819
719799,3716
719799,3065
719799,1082
719799,3670
719799,3658
719799,3720
719799,3415
719800,728
719800,3244
719800,3720
719800,3657
719800,3669
719800,1702
719800,3709
719800,1081
719800,3064
719800,3717
719800,3674
719801,3421
719801,2305
719801,3646
719801,3645
719801,3722
719801,3852
719802,3667
719802,1703
719802,3668
719802,1731
719802,3037
719802,3647
719802,2274
719802,3415
719803,711
719803,3607
719803,3641
719803,3027
719805,3420
719805,2782
719805,3640
719805,777
719805,2115
719806,2114
719806,2781
719806,3415
719807,3615
719807,3600
719807,3603
719807,3598
719807,3415
719807,2828
719807,1819
719808,3615
719808,3655
719808,3600
719808,3603
719808,3598
719808,3415
719808,2828
719808,1819
719809,1200
719809,3662
719809,3655
719809,3600
719809,3603
719809,3598
719809,3415
719809,2828
719809,1819
719810,1200
719810,3662
719810,3600
719810,3616
719810,3603
719810,3598
719810,3415
719810,2828
719810,1819
719812,616
719812,1248
719812,711
719812,2279
719812,3599
719812,3604
719812,3601
719812,3635
719814,616
719814,1248
719814,711
719815,616
719815,1248
719815,711
719815,2279
719815,3599
719815,3604
719815,3601
719815,3635
719817,711
719817,3422
719817,3607
719818,3608
719818,3415
719818,2828
719819,3608
719820,3415
719820,2828
719821,3608
719821,3415
719821,2828
719823,711
719823,3422
719823,3607
719823,3641
719823,3621
719824,711
719824,3422
719824,3607
719824,3641
719824,3621
719825,3640
719825,3608
719827,3620
719827,3640
719827,3608
719827,3415
719827,2828
719828,3620
719828,3640
719828,3608
719828,3415
719828,2828
719829,3620
719829,3640
719829,3608
719829,3415
719829,2828
719830,616
719830,1248
719830,711
719830,2279
719830,3599
719830,3604
719830,3616
719830,3601
719831,3600
719831,3616
719831,3603
719831,3598
719831,3415
719831,2828
719831,1819
719832,616
719832,1248
719832,711
719832,2279
719832,3599
719832,3604
719832,3601
719833,3600
719833,3603
719833,3598
719833,3415
719833,2828
719833,1819
719834,616
719834,1248
719834,711
719834,2279
719834,3599
719834,3604
719834,3616
719834,3601
719836,3601
719836,3655
719836,3600
719836,3603
719836,3598
719836,3415
719836,2828
719836,1819
719837,3689
719837,3736
719837,1093
719837,3620
719837,3617
719837,3603
719837,3598
719837,3415
719837,2828
719837,1819
719838,3617
719838,3603
719838,3598
719838,3415
719838,2828
719838,1819
719839,3680
719839,3617
719839,3603
719839,3598
719839,3415
719839,2828
719839,1819
719840,1093
719840,3620
719840,3617
719840,3603
719840,3598
719840,3415
719840,2828
719840,1819
719841,1093
719841,3620
719841,3617
719841,3603
719841,3598
719841,3415
719841,2828
719841,1819
719842,3617
719842,3616
719842,3603
719842,3598
719842,3415
719842,2828
719842,1819
719843,3689
719843,1093
719843,3620
719843,3617
719843,3603
719843,3598
719843,3415
719844,3617
719844,3603
719844,3598
719844,3415
719845,2279
719845,3599
719845,3604
719845,3632
719846,616
719846,1248
719846,711
719846,2279
719846,3599
719846,3604
719846,3632
719846,3621
719846,1092
719847,616
719847,1248
719847,711
719847,2279
719847,3599
719847,3604
719847,3632
719847,3621
719847,1092
719848,2279
719848,3599
719848,3604
719849,616
719849,1248
719849,711
719849,2279
719849,3599
719849,3604
719850,616
719850,1248
719850,711
719850,2279
719850,3599
719850,3604
719850,3601
719850,3655
719850,3600
719852,616
719852,1248
719852,711
719852,2279
719852,3599
719852,3604
719852,3632
719853,616
719853,1248
719853,711
719853,2279
719853,3599
719853,3604
719853,3680
719853,3601
719855,3716
719855,3065
719855,1082
719855,3670
719855,3658
719855,3415
719856,728
719856,3244
719856,3657
719856,3669
719856,1702
719856,3709
719856,1081
719856,3064
719856,3717
719856,3674
719857,3720
719857,3657
719857,3668
719857,1979
719857,1702
719857,3709
719857,1081
719857,3064
719857,3717
719857,3674
719858,3657
719858,3668
719858,1979
719858,3669
719858,1702
719859,3421
719859,728
719859,3657
719859,3669
719859,1702
719859,3709
719859,1081
719859,3701
719859,3717
719859,3674
719862,728
719862,3720
719862,3657
719862,3668
719862,1979
719862,1702
719862,3709
719862,1081
719862,3064
719862,3717
719862,3674
719863,3673
719863,3716
719863,3065
719863,1082
719863,1703
719863,3668
719863,1979
719863,3670
719863,3658
719863,3720
719863,727
719863,3415
719864,3673
719864,3716
719864,1703
719864,3670
719864,3658
719864,3415
719865,3673
719865,3716
719865,3065
719865,1082
719865,3670
719865,3658
719865,3720
719867,3673
719867,3716
719867,3065
719867,1082
719868,3673
719868,3716
719868,1082
719869,3245
719869,3415
719870,3421
719870,2305
719870,3646
719870,3036
719870,1979
719870,3669
719870,1702
719870,3666
719870,3722
719871,2305
719871,3646
719871,3645
719871,3722
719871,3852
719872,3667
719872,1703
719872,3668
719872,1731
719872,3037
719872,3647
719872,2274
719872,3420
719873,3721
719873,3644
719873,1731
719873,3647
719873,2274
719873,3415
719874,3667
719875,3728
719875,3640
719875,3608
719875,3415
719875,2828
719876,3728
719876,3640
719876,3608
719876,3415
719876,2828
719877,711
719877,3607
719877,3641
719877,3027
719877,3727
719878,3607
719878,3641
719878,3027
719878,3727
719879,3640
719879,3608
719879,3415
719879,2828
719880,711
719880,3607
719880,3641
719880,3027
719880,3727
719881,2255
719881,3728
719881,3640
719881,3608
719881,3415
719881,2828
719882,2255
719882,3728
719882,3640
719882,3608
719882,3415
719882,2828
719883,3689
719883,2255
719883,3728
719883,3640
719883,3608
719883,3415
719883,2828
719884,2782
719884,3640
719884,777
719884,2115
719886,3420
719886,2782
719888,2114
719888,2781
719888,3415
719889,2781
719889,3415
719894,2781
719894,3415
719895,3420
719895,2782
719896,3420
719896,2782
719896,3026
719896,3640
719896,777
719897,616
719897,1248
719897,711
719897,2279
719897,3599
719897,3604
719897,3601
719897,3663
719897,1083
719898,1200
719898,3662
719898,3600
719898,3603
719898,3598
719898,3415
719898,2828
719898,1819
719899,711
719899,3422
719899,3607
719899,3641
719900,3640
719900,3608
719900,3415
719900,2828
719901,616
719901,1248
719901,711
719901,2279
719901,3599
719901,3604
719901,3601
719902,3600
719902,3603
719902,3598
719902,3415
719902,2828
719902,1819
719903,616
719903,1248
719903,711
719903,2279
719903,3599
719903,3604
719904,3617
719904,3603
719904,3598
719904,3415
719904,2828
719904,1819
719905,3716
719905,3065
719905,1082
719905,3670
719905,3658
719905,3720
719905,3415
719906,728
719906,3244
719906,3720
719906,3657
719906,3669
719906,1702
719906,3709
719906,1081
719906,3064
719906,3717
719906,3674
719907,711
719907,3607
719907,3641
719907,3027
719910,2114
719910,2781
719910,3415
719911,3615
719911,3600
719911,3603
719911,3598
719911,3415
719911,2828
719911,1819
719912,3615
719912,3655
719912,3600
719912,3603
719912,3598
719912,3415
719912,2828
719912,1819
719916,616
719916,1248
719916,711
719916,2279
719916,3599
719916,3604
719916,3601
719916,3635
719917,616
719917,1248
719917,711
719917,2279
719917,3599
719917,3604
719917,3616
719917,3601
719917,3663
719917,1083
719921,711
719921,3422
719921,3607
719922,3608
719922,3415
719922,2828
719924,3415
719924,2828
719926,711
719926,3422
719926,3607
719930,3608
719930,3415
719930,2828
719934,616
719934,1248
719934,711
719934,2279
719934,3599
719934,3604
719934,3616
719934,3601
719936,616
719936,1248
719936,711
719936,2279
719936,3599
719936,3604
719936,3601
719937,3600
719937,3603
719937,3598
719937,3415
719937,2828
719937,1819
719940,3601
719940,3655
719940,3600
719940,3603
719940,3598
719940,3415
719940,2828
719940,1819
719957,616
719957,1248
719957,711
719957,2279
719957,3599
719957,3604
719957,3680
719957,3601
719958,616
719958,1248
719958,711
719958,2279
719958,3599
719958,3604
719958,3680
719958,3601
719959,3716
719959,3065
719959,1082
719959,3670
719959,3658
719959,3415
719960,728
719960,3244
719960,3657
719960,3669
719960,1702
719960,3709
719960,1081
719960,3064
719960,3717
719960,3674
719964,3421
719964,728
719964,3720
719964,3657
719964,3669
719964,1702
719964,3709
719964,1081
719964,3701
719964,3717
719964,3674
719965,728
719965,3657
719965,3668
719965,1979
719965,3669
719965,1702
719965,3709
719965,1081
719965,3064
719965,3717
719965,3674
719967,3673
719967,3716
719967,3065
719967,1082
719967,1703
719967,3668
719967,1979
719967,3670
719967,3658
719967,3720
719967,727
719967,3415
719970,3673
719970,3716
719970,3065
719970,1082
719970,1979
719970,3670
719970,3658
719970,3415
719974,3728
719974,3640
719974,3608
719974,3415
719974,2828
719976,711
719976,3607
719976,3641
719976,3027
719976,3727
719978,3640
719978,3608
719978,3415
719978,2828
719985,3420
719985,2782
719986,2782
719989,2781
719989,3415
719991,3420
719991,2782
719991,3641
719992,2781
719992,3415
719993,2781
719993,3415
719994,3420
719994,2782
719996,149
719997,148
719998,72
719998,1125
719998,1038
719999,96
719999,2482
719999,73
720000,2716
720001,2715
720002,2251
720003,1015
720004,149
720005,148
720005,2716
720006,2716
720006,2477
720007,2040
720008,2251
720008,895
720009,992
720009,1015
720010,73
720010,3467
720011,2838
720011,3476
720011,74
720012,149
720012,912
720013,148
720015,148
720015,2716
720016,153
720016,148
720017,153
720017,148
720018,153
720018,148
720018,2716
720019,148
720021,96
720021,2482
720021,73
720022,96
720022,2482
720022,73
720022,2716
720025,2716
720027,2251
720032,1015
720032,2716
720033,149
720033,153
720034,153
720034,148
720035,153
720035,148
720037,148
720038,148
720039,148
720039,2716
720041,2040
720042,2040
720042,2716
720043,992
720043,1015
720045,992
720045,1015
720045,2716
720046,992
720046,1015
720047,992
720047,1015
720048,992
720048,1015
720048,2716
720049,2251
720049,895
720050,895
720051,895
720052,2838
720052,3476
720052,74
720052,798
720053,2838
720053,3476
720053,74
720055,2838
720055,3476
720055,74
720056,74
720060,73
720061,799
720061,73
720062,149
720063,148
720064,72
720064,1125
720064,1038
720065,96
720065,2482
720065,73
720066,2716
720067,2715
720068,2251
720069,1015
720070,149
720072,2251
720072,895
720073,992
720073,1015
720074,73
720074,3467
720076,149
720076,912
720077,148
720078,148
720079,148
720079,2716
720081,153
720081,148
720082,153
720082,148
720082,2716
720085,96
720085,2482
720085,73
720089,2716
720090,1015
720095,1015
720096,1015
720096,2716
720101,148
720104,148
720105,992
720105,1015
720106,992
720106,1015
720107,992
720107,1015
720107,2716
720112,895
720115,2838
720115,3476
720115,74
720116,2838
720116,3476
720116,74
720116,2716
720117,2838
720117,3476
720117,74
720119,74
720120,74
720120,2716
720122,73
720801,927
720801,923
720802,924
720802,1233
720803,924
720803,1233
720803,3526
720803,543
720803,1175
720804,656
720804,3516
720804,508
720804,927
720804,923
720805,927
720805,923
720806,924
720806,1233
720807,924
720807,1233
720807,3526
720807,543
720807,1175
720808,656
720808,3516
720808,508
720808,927
720808,923
722842,3797
722842,255
722843,256
722843,3806
722844,2274
722844,3415
722844,2828
722844,1819
722844,2028
722844,884
722844,212
722845,1142
722845,228
722845,1176
722845,1248
722845,711
722845,2305
722846,2274
722846,3415
722846,2828
722846,613
722847,1142
722847,228
722847,1176
722847,613
722848,1142
722848,228
722849,1142
722850,1248
722850,711
722850,2305
722851,884
722851,212
722852,3797
722852,255
722853,256
722853,3806
722854,2274
722854,3415
722854,2828
722854,1819
722854,2028
722854,884
722854,212
722855,1142
722855,228
722855,1176
722855,1248
722855,711
722855,2305
722856,2274
722856,3415
722856,2828
722856,613
722858,1142
722858,228
722860,1248
722860,711
722860,2305
722861,884
722861,212
722868,1528
722868,1748
722868,1655
722868,1547
722868,3524
722868,2820
722868,1541
722868,1579
722868,1585
722869,1582
722869,1578
722869,1544
722870,1532
722870,2818
722870,1583
722871,1584
722871,1578
722871,1544
722871,1747
722872,1629
722872,2034
722872,1417
722872,1496
722872,1604
722873,1603
722873,1497
722873,3904
722873,1418
722873,2033
722873,1628
722874,1582
722874,1397
722875,1398
722875,1583
722876,1398
722876,3522
722876,1418
722876,2033
722876,1570
722877,2034
722877,1417
722877,3521
722877,1397
722878,1542
722878,1579
722878,1583
722879,1582
722879,1614
722879,2817
722879,1531
722880,1388
722880,1651
722880,2817
722880,1496
722880,1604
722881,1603
722881,1497
722881,2818
722881,1459
722882,1497
722882,2818
722882,2031
722882,1495
722883,1897
722883,2032
722883,1651
722883,2817
722883,1497
722884,1897
722884,2034
722884,1417
722884,1581
722885,1580
722885,1418
722885,2031
722885,1897
722886,1751
722886,1869
722887,1396
722887,1750
722888,1542
722888,1419
722888,1654
722888,1749
722889,1748
722889,1655
722889,1420
722889,1543
722890,2034
722890,1417
722890,3521
722890,1397
722890,3902
722891,3908
722891,1398
722891,3522
722891,1418
722891,2031
722892,1548
722892,1420
722892,1581
722892,1502
722892,1572
722893,1573
722893,1501
722893,1580
722893,1419
722893,1547
722894,1407
722894,2818
722894,1617
722894,1581
722894,1502
722894,1572
722895,1573
722895,1501
722895,1580
722895,2817
722895,1531
722896,1542
722896,3523
722896,1419
722896,1547
722897,1548
722897,1420
722897,3521
722897,1541
722898,1629
722898,1746
722898,1655
722898,1581
722898,1573
722899,1573
722899,1501
722899,1580
722899,1419
722899,1654
722899,1747
722899,1628
722900,1746
722900,1420
722900,3521
722900,2820
722900,1497
722901,1497
722901,2818
722901,3523
722901,1419
722901,1471
722901,1749
722902,1746
722902,1420
722902,1581
722902,1502
722902,1572
722903,1573
722903,1501
722903,1580
722903,1419
722903,1471
722903,1749
722904,1501
722904,1580
722904,3907
722905,3908
722905,1581
722905,1502
722906,1501
722906,1580
722906,3907
722907,2820
722907,1581
722907,1502
722908,1542
722908,2819
722908,3523
722908,1418
722908,2031
722908,1897
722909,1897
722909,2034
722909,1417
722909,3521
722909,2820
722909,1541
722911,1528
722911,1748
722911,1655
722911,1547
722911,3524
722911,2820
722911,1541
722911,1579
722911,1585
722920,1532
722920,2818
722922,1587
722923,1587
722924,1531
722927,1532
722927,2818
722927,1583
722929,1586
722933,1532
722936,1582
722936,1578
722937,1582
722939,1897
722942,1578
722942,1544
722945,3523
722945,1747
722946,1491
722946,1747
722948,1603
722948,1497
722948,3904
722949,1497
722949,3904
722949,1418
722949,2033
722949,1628
722951,2033
722951,1628
722952,1629
722952,2031
722953,1629
722953,2031
722954,1496
722954,1604
722956,2033
722956,1628
722957,2033
722957,1628
722960,1389
722960,2033
722960,1628
722961,1603
722961,1497
722966,1582
722966,1397
722969,1398
722969,1541
722969,1583
722978,2033
722978,1570
722981,2034
722981,1417
722981,3521
722981,1397
722987,1582
722987,1614
722987,2817
722987,1531
722987,1408
722989,1531
722990,1587
722996,1586
722997,1586
722998,1582
722998,2817
722999,1582
722999,1614
722999,2817
722999,1531
723000,1542
723000,1579
723000,1583
723001,1583
723002,1542
723002,1579
723002,1583
723007,1603
723007,1497
723007,2818
723008,1497
723008,2818
723008,1459
723009,1680
723009,1388
723009,1651
723009,2817
723009,1604
723011,1869
723013,1604
723015,1603
723015,1497
723017,2031
723017,1495
723020,1897
723020,2817
723021,1897
723021,2032
723021,1651
723021,2817
723021,1497
723024,1897
723026,1897
723028,1495
723029,1897
723031,1495
723035,1580
723036,1580
723036,1418
723036,2031
723036,1495
723037,1580
723037,1418
723037,2031
723038,1897
723038,2034
723038,1417
723038,1581
723039,1418
723039,2031
723039,1897
723040,1581
723043,1573
723045,1897
723046,1897
723046,2034
723046,1417
723047,1897
723050,1581
723051,1581
723052,1581
723053,1495
723054,1580
723055,1580
723056,1897
723058,1751
723064,1750
723069,1542
723070,1541
723074,1751
723075,1748
723075,1655
723075,1420
723075,1543
723075,1410
723077,1749
723079,2034
723079,1417
723079,3521
723079,1397
723079,3902
723084,3908
723084,1398
723084,3522
723084,1418
723084,2031
723084,1868
723085,3908
723087,3902
723095,3908
723095,1398
723095,3522
723095,1418
723095,2031
723096,1548
723096,1420
723096,1502
723096,1572
723097,1581
723097,1502
723097,1572
723098,1573
723098,1501
723098,1580
723098,1419
723098,1547
723099,1573
723099,1501
723099,1580
723101,1502
723101,1572
723102,1548
723102,1420
723102,1581
723102,1502
723102,1572
723103,1548
723103,1420
723103,1581
723103,1502
723103,1572
723106,1581
723106,1502
723106,1572
723107,1419
723107,1547
723108,1419
723108,1547
723110,1548
723110,1420
723112,1407
723112,2818
723113,1573
723113,1501
723113,1580
723113,2817
723114,1573
723114,1501
723114,1580
723115,1573
723115,1501
723115,1580
723116,2820
723116,1581
723116,1502
723116,1572
723117,2818
723117,1581
723117,1502
723117,1572
723118,1407
723121,1578
723121,2817
723121,1531
723124,1407
723124,2818
723124,1617
723124,1581
723124,1502
723124,1572
723125,1531
723128,1573
723128,1501
723128,1580
723130,1584
723130,1419
723130,1547
723131,1542
723132,1548
723132,1420
723132,3521
723133,1531
723136,3522
723136,1419
723136,1547
723137,1746
723137,1655
723137,1420
723137,1581
723137,1573
723138,1573
723138,1501
723138,1580
723138,1419
723138,1654
723138,1747
723139,1573
723139,1501
723139,1580
723140,1629
723140,1746
723140,1655
723140,1420
723142,1746
723142,1655
723142,1420
723143,1746
723143,1655
723143,1420
723144,1746
723144,1655
723144,1420
723145,1573
723145,1501
723146,1419
723146,1654
723146,1747
723146,1628
723147,1419
723147,1654
723147,1747
723148,1581
723148,1502
723148,1573
723149,1497
723149,1581
723149,1502
723149,1573
723150,1581
723150,1502
723150,1573
723151,1573
723152,1581
723152,1573
723153,1419
723153,1654
723153,1747
723153,1628
723154,1419
723154,1654
723154,1747
723154,1628
723158,1746
723158,1420
723158,3521
723158,2820
723158,1604
723159,1603
723159,1497
723159,2818
723159,3523
723159,1419
723159,1471
723159,1749
723160,1584
723160,1420
723160,3521
723160,2820
723160,1497
723161,1603
723161,1497
723161,2818
723161,3523
723161,1419
723161,1471
723161,1749
723162,3522
723162,1419
723162,1471
723162,1749
723164,1584
723164,1472
723164,1749
723166,1746
723169,1746
723169,1420
723169,1581
723169,1502
723169,1572
723171,1581
723171,1502
723171,1572
723172,1581
723172,1502
723172,1572
723174,1472
723174,1749
723176,1746
723177,1746
723177,1420
723178,1573
723178,1501
723178,1580
723180,1581
723180,1502
723180,1572
723181,1581
723181,1502
723182,1501
723182,1580
723182,1544
723184,3908
723184,2820
723185,3907
723187,3908
723188,1501
723188,1580
723189,3907
723190,1581
723190,1502
723191,1542
723191,2819
723191,3523
723191,1418
723191,2031
723191,1495
723192,1897
723192,2034
723192,1417
723192,3521
723192,2820
723193,1531
723193,1408
723194,3523
723194,1418
723194,2031
723194,1897
723195,1409
723195,1542
723195,3523
723195,1418
723195,2031
723195,1897
723197,1897
723197,2034
723197,1417
723197,3521
723198,1407
723201,1528
723201,1748
723201,1655
723201,1547
723201,3524
723201,2820
723201,1541
723201,1579
723201,1585
723202,1582
723202,1578
723202,1544
723203,1532
723203,2818
723203,1583
723204,1584
723204,1578
723204,1544
723204,1747
723205,1629
723205,2034
723205,1417
723205,1496
723205,1604
723206,1603
723206,1497
723206,3904
723206,1418
723206,2033
723206,1628
723207,1582
723207,1397
723208,1398
723208,1583
723209,1398
723209,3522
723209,1418
723209,2033
723209,1570
723210,2034
723210,1417
723210,3521
723210,1397
723211,1542
723211,1579
723211,1583
723212,1582
723212,1614
723212,2817
723212,1531
723213,1388
723213,1651
723213,2817
723213,1496
723213,1604
723214,1603
723214,1497
723214,2818
723214,1459
723215,1497
723215,2818
723215,2031
723215,1495
723216,1897
723216,2032
723216,1651
723216,2817
723216,1497
723217,1897
723217,2034
723217,1417
723217,1581
723218,1580
723218,1418
723218,2031
723218,1897
723219,1751
723219,1869
723220,1396
723220,1750
723221,1542
723221,1419
723221,1654
723221,1749
723222,1748
723222,1655
723222,1420
723222,1543
723223,2034
723223,1417
723223,3521
723223,1397
723223,3902
723224,3908
723224,1398
723224,3522
723224,1418
723224,2031
723225,1548
723225,1420
723225,1581
723225,1502
723225,1572
723226,1573
723226,1501
723226,1580
723226,1419
723226,1547
723227,1407
723227,2818
723227,1617
723227,1581
723227,1502
723227,1572
723228,1573
723228,1501
723228,1580
723228,2817
723228,1531
723229,1542
723229,3523
723229,1419
723229,1547
723230,1548
723230,1420
723230,3521
723230,1541
723231,1629
723231,1746
723231,1655
723231,1581
723231,1573
723232,1573
723232,1501
723232,1580
723232,1419
723232,1654
723232,1747
723232,1628
723233,1746
723233,1420
723233,3521
723233,2820
723233,1497
723234,1497
723234,2818
723234,3523
723234,1419
723234,1471
723234,1749
723235,1746
723235,1420
723235,1581
723235,1502
723235,1572
723236,1573
723236,1501
723236,1580
723236,1419
723236,1471
723236,1749
723237,1501
723237,1580
723237,3907
723238,3908
723238,1581
723238,1502
723239,1501
723239,1580
723239,3907
723240,2820
723240,1581
723240,1502
723241,1542
723241,2819
723241,3523
723241,1418
723241,2031
723241,1897
723242,1897
723242,2034
723242,1417
723242,3521
723242,2820
723242,1541
723244,1528
723244,1748
723244,1655
723244,1547
723244,3524
723244,2820
723244,1541
723244,1579
723244,1585
723251,1680
723251,1396
723255,1587
723257,1531
723258,1531
723260,1532
723260,2818
723260,1583
723261,1532
723261,2818
723261,1583
723262,1586
723271,1584
723271,1578
723271,1544
723271,3523
723271,1747
723273,1897
723282,1497
723282,3904
723282,1418
723282,2033
723282,1628
723289,2033
723289,1628
723292,2033
723292,1628
723294,1603
723294,1497
723295,2820
723295,1496
723295,1604
723297,1583
723299,1582
723299,1397
723302,1398
723302,1541
723302,1583
723310,1614
723310,1543
723310,1397
723311,2033
723311,1570
723314,2034
723314,1417
723314,3521
723314,1397
723317,1398
723317,3522
723317,1418
723317,2033
723317,1570
723320,1582
723320,1614
723320,2817
723320,1531
723320,1408
723322,1531
723323,1587
723329,1586
723330,1586
723331,1582
723331,2817
723334,1583
723339,2820
723339,1459
723340,1603
723340,1497
723340,2818
723341,1497
723341,2818
723341,1459
723342,1680
723342,1388
723342,1651
723342,2817
723342,1604
723344,1869
723346,1604
723348,1603
723348,1497
723349,1604
723357,1897
723361,1495
723368,1580
723369,1580
723369,1418
723369,2031
723369,1495
723371,1897
723371,2034
723371,1417
723371,1581
723373,1581
723378,1897
723380,1897
723381,1897
723386,1495
723389,1897
723391,1751
723396,1396
723396,1750
723397,1750
723402,1542
723407,1751
723408,1748
723408,1655
723408,1420
723408,1543
723408,1410
723417,3908
723417,1398
723417,3522
723417,1418
723417,2031
723417,1868
723418,3908
723420,3902
723429,1548
723429,1420
723429,1502
723429,1572
723431,1573
723431,1501
723431,1580
723431,1419
723431,1547
723433,1573
723433,1501
723433,1580
723433,1419
723433,1547
723434,1502
723434,1572
723435,1548
723435,1420
723435,1581
723435,1502
723435,1572
723437,1548
723437,1420
723437,1581
723437,1502
723437,1573
723440,1419
723440,1547
723441,1419
723441,1547
723443,1548
723443,1420
723447,1573
723447,1501
723447,1580
723448,1573
723448,1501
723448,1580
723449,2820
723449,1581
723449,1502
723449,1572
723450,2818
723450,1581
723450,1502
723450,1572
723451,1407
723453,1581
723453,1502
723453,1572
723455,2817
723455,1531
723457,1407
723457,2818
723457,1617
723457,1581
723457,1502
723457,1572
723458,1531
723464,1542
723465,1548
723465,1420
723465,3521
723466,1531
723467,1541
723469,3522
723469,1419
723469,1547
723473,1629
723473,1746
723473,1655
723473,1420
723478,1573
723478,1501
723479,1419
723479,1654
723479,1747
723479,1628
723481,1581
723481,1502
723481,1573
723488,2820
723488,1497
723491,1746
723491,1420
723491,3521
723491,2820
723491,1604
723494,1603
723494,1497
723494,2818
723494,3523
723494,1419
723494,1471
723494,1749
723495,3522
723495,1419
723495,1471
723495,1749
723497,1584
723497,1472
723497,1749
723499,1746
723502,1746
723502,1420
723502,1581
723502,1502
723502,1572
723504,1581
723504,1502
723504,1572
723507,1472
723507,1749
723508,1573
723508,1501
723508,1580
723509,1746
723511,1573
723511,1501
723511,1580
723513,1581
723513,1502
723513,1572
723514,1581
723514,1502
723515,1501
723515,1580
723515,1544
723516,1501
723516,1580
723517,3908
723517,2820
723518,3907
723519,3907
723520,3908
723521,1501
723521,1580
723522,3907
723523,1581
723523,1502
723524,1542
723524,2819
723524,3523
723524,1418
723524,2031
723524,1495
723526,1531
723526,1408
723527,3523
723527,1418
723527,2031
723527,1897
723528,1409
723528,1542
723528,3523
723528,1418
723528,2031
723528,1897
723530,1897
723530,2034
723530,1417
723530,3521
723531,1407
723532,1897
723533,1897
723534,3518
723534,1218
723534,1219
723534,472
723535,475
723535,471
723535,463
723535,3514
723536,378
723536,3890
723536,480
723536,3134
723537,3134
723537,463
723537,481
723537,3891
723537,2341
723538,3134
723538,3132
723538,3514
723538,317
723538,281
723538,3934
723539,3933
723539,2863
723539,316
723539,3518
723539,3892
723539,1249
723539,3134
723540,480
723540,2035
723540,350
723541,3807
723541,349
723541,1215
723541,481
723543,18
723543,896
723543,1215
723543,481
723545,896
723545,348
723545,1215
723545,481
723546,637
723546,656
723546,1330
723546,3517
723546,480
723547,481
723547,3526
723547,547
723547,1175
723547,638
723548,636
723548,818
723548,241
723548,494
723548,3900
723549,3901
723549,952
723549,1782
723549,638
723550,666
723550,212
723550,255
723550,271
723550,281
723551,2861
723551,1149
723551,256
723551,1142
723551,824
723552,526
723552,538
723553,539
723553,527
723554,3412
723554,1306
723554,2863
723554,3900
723554,2527
723555,2528
723555,3901
723555,2855
723555,1174
723555,3416
723555,116
723556,242
723556,884
723556,217
723556,212
723556,3547
723556,2884
723557,251
723557,1759
723557,1142
723557,216
723557,226
723557,240
723558,2863
723558,316
723558,3518
723558,1249
723558,3134
723559,3134
723559,3132
723559,3514
723559,317
723559,281
723559,1906
723560,518
723560,436
723560,3134
723561,469
723561,2905
723561,435
723561,1011
723562,891
723562,1138
723562,3412
723562,211
723562,240
723562,3518
723562,3104
723562,509
723562,546
723562,27
723563,26
723563,1330
723563,508
723563,3104
723563,3514
723563,242
723563,212
723563,3416
723563,1251
723564,216
723564,226
723564,240
723564,305
723564,3900
723565,3901
723565,304
723565,242
723565,884
723565,217
723566,2880
723566,553
723566,1740
723566,1330
723566,508
723566,3105
723566,3514
723566,242
723566,212
723566,129
723566,1251
723567,3008
723567,891
723567,1138
723567,211
723567,240
723567,3105
723567,509
723567,546
723567,1743
723567,554
723568,803
723568,553
723568,1740
723568,1330
723568,508
723568,3103
723568,480
723568,2527
723569,2528
723569,481
723569,3103
723569,509
723569,546
723569,1743
723569,554
723570,16
723570,3547
723570,256
723570,1151
723570,494
723570,3518
723570,3102
723570,509
723570,546
723570,613
723570,3895
723570,637
723571,3811
723571,639
723571,3896
723571,1819
723571,1330
723571,508
723571,3102
723571,3514
723571,1154
723571,255
723571,1759
723571,15
723572,1215
723572,481
723572,3104
723572,509
723572,3805
723572,255
723572,3874
723572,3801
723573,3802
723573,3879
723573,256
723573,3806
723573,508
723573,3103
723573,480
723573,2035
723574,3412
723574,3547
723574,256
723574,1151
723574,305
723574,3891
723575,3890
723575,304
723575,2855
723575,255
723575,1759
723575,3416
723576,3105
723576,509
723576,841
723576,804
723576,576
723576,567
723577,575
723577,977
723577,1330
723577,3105
723578,1125
723578,788
723578,216
723578,226
723578,240
723578,1330
723578,508
723578,3107
723578,3892
723578,1249
723578,3134
723579,469
723579,3132
723579,3906
723579,3104
723579,547
723579,242
723579,884
723579,217
723579,2479
723580,55
723580,2274
723580,2304
723580,3415
723580,2828
723580,3239
723580,1740
723580,1330
723580,2954
723580,508
723580,3102
723580,3514
723580,2861
723580,1149
723580,251
723581,2884
723581,271
723581,2863
723581,3518
723581,3102
723581,509
723581,2953
723581,546
723581,1741
723581,3240
723581,711
723581,2273
723581,2305
723582,2863
723582,316
723582,2816
723582,1178
723582,613
723582,3895
723583,3899
723583,1819
723583,617
723583,2815
723583,317
723583,281
723584,3891
723584,3138
723584,3924
723584,3406
723584,3405
723584,3404
723584,3403
723585,3405
723585,3404
723585,3403
723585,3924
723585,864
723585,3890
723586,636
723586,818
723586,508
723586,3106
723586,3514
723586,1000
723586,2342
723587,864
723587,3890
723587,3518
723587,3106
723587,509
723587,2816
723587,1782
723587,638
723588,3899
723588,637
723588,666
723588,212
723588,255
723588,271
723588,2863
723589,284
723589,2861
723589,1149
723589,256
723589,1142
723589,824
723589,639
723589,3896
723590,26
723590,445
723590,3906
723590,319
723590,2855
723590,255
723591,256
723591,1151
723591,318
723591,3892
723591,27
723592,26
723592,3133
723592,3906
723592,319
723592,2855
723592,255
723593,256
723593,1151
723593,318
723593,3892
723593,1249
723593,27
723594,636
723594,818
723594,242
723594,255
723594,271
723595,1149
723595,256
723595,240
723595,1782
723595,639
723596,3895
723596,637
723596,668
723596,2172
723597,2173
723597,667
723597,3798
723597,639
723597,3896
723598,637
723598,656
723598,242
723598,255
723599,256
723599,240
723599,1175
723599,1318
723599,636
723600,576
723600,567
723601,582
723601,568
723601,2949
723601,575
723601,1740
723602,1160
723602,3798
723602,639
723602,3896
723602,1892
723602,568
723603,567
723603,1189
723603,613
723603,3895
723603,637
723603,644
723603,1329
723603,665
723604,255
723604,271
723604,281
723604,378
723605,2342
723605,2861
723605,1149
723605,256
723606,3421
723606,2275
723607,2276
723607,3415
723607,2771
723608,2506
723608,3422
723608,2013
723608,761
723609,760
723609,1230
723609,2711
723609,3419
723609,735
723609,2935
723609,2646
723610,1230
723610,3415
723610,2828
723610,1819
723610,1330
723610,508
723610,3107
723610,3514
723610,2816
723610,1154
723610,281
723611,1151
723611,494
723611,2815
723611,3518
723611,3102
723611,509
723611,841
723611,1248
723611,711
723612,884
723612,217
723612,2479
723612,115
723613,114
723613,788
723613,216
723613,226
723614,2028
723614,884
723614,215
723615,214
723615,228
723615,1176
723616,1901
723616,613
723616,3896
723617,3899
723617,1892
723617,603
723617,1900
723618,1239
723618,281
723618,403
723618,3924
723619,3405
723619,3404
723619,3924
723619,2855
723620,3797
723620,255
723621,256
723621,3806
723622,636
723622,818
723622,508
723622,3106
723622,3514
723622,396
723623,864
723623,3890
723623,3518
723623,3106
723623,509
723623,2816
723623,1782
723623,638
723624,115
723624,1139
723624,981
723624,799
723624,1025
723625,91
723625,798
723625,994
723626,3526
723626,3797
723626,255
723627,256
723627,3806
723628,1901
723628,604
723628,711
723629,3415
723629,2828
723629,603
723629,1900
723630,378
723630,864
723630,2816
723630,546
723630,1741
723630,711
723630,2305
723631,2274
723631,3415
723631,2828
723631,1740
723631,2815
723631,3891
723631,396
723631,2342
723632,647
723632,639
723632,3896
723632,1248
723632,711
723632,2305
723633,51
723633,2274
723633,3415
723633,2828
723633,613
723633,3895
723633,638
723633,700
723634,1160
723634,651
723634,656
723634,508
723634,3106
723634,3514
723634,3901
723635,3890
723635,3518
723635,3106
723635,509
723635,2816
723635,1175
723635,650
723635,665
723636,1901
723636,604
723636,711
723636,2305
723637,2274
723637,3415
723637,2828
723637,603
723637,1900
723638,3526
723638,546
723638,1178
723638,1248
723638,711
723639,3415
723639,2828
723639,1819
723639,617
723639,1330
723639,3517
723640,242
723640,884
723640,217
723640,115
723640,91
723641,94
723641,1125
723641,3762
723641,216
723641,226
723642,242
723642,212
723642,115
723642,1025
723643,1125
723643,114
723643,211
723644,3805
723644,255
723644,261
723644,179
723644,3222
723645,3221
723645,180
723645,262
723645,256
723645,3806
723646,977
723646,1312
723646,818
723646,241
723647,255
723647,261
723647,179
723647,3800
723648,3799
723648,3802
723648,180
723648,262
723648,256
723649,255
723649,261
723649,179
723649,3800
723650,3799
723650,3802
723650,180
723650,256
723651,1901
723651,604
723651,711
723652,3884
723652,3415
723652,2828
723652,603
723652,1900
723653,481
723653,3526
723653,1743
723653,554
723654,553
723654,1742
723654,480
723655,1289
723655,2029
723655,637
723655,668
723655,2172
723655,675
723656,674
723656,3811
723656,667
723656,642
723656,636
723656,1176
723657,637
723657,666
723657,212
723657,195
723657,179
723658,180
723658,1142
723658,824
723658,638
723659,665
723660,1160
723661,2816
723661,952
723661,1782
723661,1313
723661,1742
723661,3517
723662,553
723662,1742
723662,3517
723662,480
723663,481
723663,3526
723663,1743
723663,554
723664,1219
723664,472
723665,3518
723665,1218
723665,1219
723665,472
723665,3294
723666,3295
723666,475
723666,471
723666,463
723666,3514
723667,475
723667,471
723667,463
723667,2528
723668,656
723668,3518
723668,1218
723668,1219
723668,472
723669,656
723669,3518
723669,1218
723669,1219
723669,472
723669,3294
723670,475
723670,471
723670,463
723670,3514
723670,1175
723671,3295
723671,475
723671,471
723671,463
723672,378
723672,3890
723672,480
723672,3134
723673,3134
723673,463
723673,481
723673,3891
723673,2341
723675,2341
723676,3134
723676,463
723676,481
723676,3891
723676,2341
723677,2341
723678,378
723678,3890
723678,480
723678,3134
723679,3134
723680,3134
723681,481
723681,3891
723681,2341
723682,3134
723683,3134
723685,378
723685,3890
723685,480
723685,3894
723687,3134
723687,3132
723687,3514
723687,317
723687,281
723689,3518
723689,3892
723689,1249
723689,3134
723691,469
723691,3132
723691,3514
723691,317
723691,281
723691,3934
723692,480
723692,2035
723692,350
723693,480
723693,2035
723693,350
723693,2010
723694,480
723694,2035
723694,350
723694,2010
723695,480
723695,2035
723695,350
723697,480
723697,347
723697,2666
723697,897
723697,18
723697,864
723698,480
723698,347
723698,2666
723698,897
723698,18
723698,2010
723699,480
723699,347
723699,2666
723699,897
723699,18
723700,480
723700,347
723700,2666
723700,897
723701,480
723701,347
723701,2666
723701,897
723702,480
723702,347
723702,2666
723702,897
723702,864
723703,481
723703,3526
723703,547
723703,1175
723703,638
723704,481
723704,3526
723704,547
723704,1175
723704,638
723705,637
723706,638
723707,656
723707,1330
723707,3517
723707,480
723708,481
723708,3526
723708,547
723708,1175
723709,656
723709,1330
723709,3517
723709,480
723710,480
723712,3901
723712,952
723712,1782
723712,638
723713,638
723715,636
723715,818
723715,241
723715,494
723715,3900
723716,3901
723716,952
723716,1782
723716,638
723716,879
723717,637
723723,2861
723723,1149
723723,256
723723,1142
723723,824
723728,666
723728,212
723728,255
723728,271
723728,281
723733,2861
723733,1149
723733,256
723733,1142
723733,824
723733,879
723741,526
723741,529
723741,538
723742,526
723742,538
723742,3272
723743,526
723743,529
723743,538
723743,3272
723744,526
723744,538
723745,539
723745,527
723746,3272
723746,539
723746,527
723747,539
723747,528
723747,527
723748,3412
723748,1306
723748,2863
723748,3900
723748,2527
723749,3901
723749,2855
723749,1174
723749,3416
723749,116
723750,3131
723751,1306
723751,2863
723751,3900
723751,2527
723753,2528
723753,3901
723753,2855
723754,2528
723754,3901
723754,2855
723754,1174
723756,2528
723756,3901
723757,242
723757,884
723757,217
723757,212
723757,3547
723757,2884
723758,251
723758,1759
723758,1142
723758,216
723758,226
723758,240
723759,251
723759,1759
723759,1142
723759,216
723759,226
723759,240
723761,818
723761,241
723763,212
723763,3547
723763,2884
723764,251
723764,1759
723764,1142
723766,978
723766,952
723769,3134
723769,3132
723769,3514
723769,317
723769,281
723769,1906
723769,3934
723770,316
723770,3518
723770,1249
723770,3134
723772,891
723772,1138
723772,3412
723772,211
723772,240
723772,3518
723773,509
723773,546
723773,27
723774,1138
723774,3412
723774,211
723774,240
723775,3514
723775,242
723775,212
723775,3416
723775,1251
723776,26
723776,1330
723776,508
723776,3104
723776,3514
723776,242
723776,212
723776,3416
723778,26
723778,1330
723778,508
723779,26
723779,1330
723779,545
723779,543
723779,1175
723781,3901
723781,304
723781,242
723781,884
723781,217
723782,304
723782,242
723782,884
723782,217
723785,216
723785,226
723785,240
723785,305
723785,3900
723787,3901
723787,304
723787,242
723787,884
723787,217
723792,2880
723792,553
723792,1740
723792,1330
723792,508
723795,509
723796,3008
723796,891
723796,1138
723796,211
723796,240
723796,3518
723797,2880
723797,553
723797,804
723797,637
723798,553
723798,1740
723798,1330
723798,508
723798,3103
723798,480
723801,803
723801,553
723801,1740
723801,1330
723801,508
723802,509
723802,547
723804,2528
723804,481
723804,3103
723804,509
723804,546
723804,1743
723804,554
723805,2528
723805,481
723805,509
723805,547
723810,639
723810,3896
723810,1819
723810,1330
723810,508
723811,3514
723811,1154
723811,255
723811,1759
723811,15
723812,16
723812,3547
723812,256
723812,1151
723812,494
723812,3518
723812,3102
723813,16
723813,3547
723813,256
723813,1151
723813,494
723813,3518
723814,3899
723814,1819
723814,1330
723814,508
723814,3102
723814,3514
723814,1154
723814,255
723814,1759
723814,15
723815,16
723815,3547
723815,256
723815,1151
723815,494
723815,3518
723815,3102
723815,509
723815,546
723815,613
723815,3895
723817,509
723817,546
723817,613
723817,3895
723817,637
723817,3833
723819,509
723819,546
723819,613
723819,3895
723819,637
723820,546
723820,613
723820,3895
723820,637
723821,546
723821,613
723821,3895
723821,637
723822,546
723822,613
723822,3895
723822,637
723823,3833
723823,3811
723823,638
723824,3811
723824,638
723827,1215
723829,3802
723829,3879
723829,256
723829,3806
723829,508
723829,3103
723829,480
723829,2035
723831,3802
723831,3879
723831,256
723831,3806
723831,508
723833,480
723833,2035
723836,256
723836,3806
723836,508
723838,256
723838,3806
723838,508
723839,509
723839,3805
723839,255
723840,1215
723840,481
723841,1215
723841,481
723842,3901
723842,315
723842,952
723842,1782
723846,3890
723846,304
723846,2855
723846,255
723846,1759
723846,3416
723848,1151
723848,305
723848,3891
723850,3412
723850,3547
723850,256
723850,1151
723850,305
723850,3891
723854,1151
723854,305
723854,3891
723855,3890
723855,304
723855,2855
723856,3890
723856,304
723862,3105
723862,509
723862,547
723863,3892
723863,1249
723863,3134
723864,1125
723864,788
723864,216
723864,226
723864,240
723864,1330
723864,3107
723864,3892
723864,1249
723864,3134
723865,1249
723865,3134
723866,788
723866,216
723866,226
723866,240
723866,1330
723866,3107
723867,788
723867,2554
723868,1125
723868,788
723868,216
723868,226
723868,240
723868,1330
723871,216
723871,226
723871,240
723871,1330
723873,469
723873,3132
723873,3906
723873,3104
723873,547
723873,242
723873,884
723873,217
723874,3906
723874,3104
723874,547
723874,242
723874,884
723874,217
723874,2479
723875,3134
723875,3132
723875,3906
723875,509
723875,547
723875,1175
723877,3134
723877,3132
723877,3906
723877,3104
723877,547
723877,242
723877,884
723877,217
723877,2479
723878,3906
723878,3104
723878,547
723878,242
723878,884
723878,217
723878,788
723880,547
723880,242
723880,884
723880,217
723880,788
723881,788
723881,2554
723885,55
723885,2796
723885,2274
723885,2304
723885,3415
723885,2828
723885,3239
723885,1740
723885,1330
723885,2954
723885,508
723886,55
723886,2796
723886,2274
723886,2304
723886,3415
723886,2828
723886,3239
723886,1740
723886,1330
723886,2954
723886,508
723889,2273
723889,2305
723890,1149
723890,251
723891,55
723891,2796
723891,2274
723891,2304
723891,3415
723891,2828
723891,3239
723891,1740
723891,1330
723891,2954
723891,508
723891,3102
723891,3514
723891,2861
723891,1149
723891,251
723892,55
723892,2274
723892,2304
723892,3415
723892,2828
723893,2274
723893,2304
723893,3415
723893,2828
723893,637
723895,2884
723895,271
723895,2863
723895,3518
723895,3102
723895,509
723895,2953
723895,546
723895,1741
723895,711
723895,2273
723895,2305
723895,2796
723896,2861
723896,1906
723896,1149
723896,251
723897,3514
723897,2855
723898,509
723898,2953
723898,546
723898,1741
723899,1759
723899,116
723901,1759
723901,1142
723903,3896
723903,1819
723903,617
723903,2815
723903,317
723903,281
723904,3896
723905,316
723905,2816
723905,1178
723905,613
723905,3895
723907,2863
723907,316
723907,2816
723907,1178
723907,613
723907,3895
723908,3899
723910,2863
723910,316
723910,2816
723910,1178
723910,613
723910,3895
723912,3891
723912,3138
723912,3924
723912,3406
723913,3891
723913,3138
723913,3924
723913,3406
723915,3405
723915,3404
723915,3403
723915,3924
723915,864
723916,3405
723916,3404
723916,3403
723916,3924
723916,864
723916,3890
723918,3405
723918,3404
723918,3403
723918,3924
723918,864
723918,3890
723920,271
723920,281
723921,864
723921,3890
723921,3518
723921,3106
723922,864
723922,3890
723922,3518
723922,3106
723922,509
723922,2816
723922,1782
723922,638
723926,3899
723926,637
723926,666
723926,212
723926,255
723926,271
723926,1906
723927,256
723927,1142
723927,824
723927,639
723928,1149
723928,256
723928,1142
723928,824
723928,639
723928,3896
723929,284
723929,2861
723929,1149
723929,256
723929,205
723929,1142
723929,824
723931,666
723931,212
723931,255
723931,271
723931,2863
723934,639
723934,3896
723935,3899
723935,637
723936,3899
723937,637
723938,1151
723938,318
723938,3892
723938,27
723940,256
723941,26
723941,445
723941,3906
723941,319
723941,2855
723941,255
723942,26
723942,445
723942,3906
723942,319
723943,26
723943,445
723943,3906
723943,319
723944,26
723944,445
723944,3906
723944,319
723945,255
723946,1151
723946,318
723946,3892
723946,1249
723946,27
723947,256
723948,26
723948,3133
723948,3906
723948,319
723948,2855
723948,255
723949,26
723949,3133
723949,3906
723949,319
723950,255
723952,639
723953,636
723953,818
723953,242
723953,255
723953,271
723955,1149
723955,256
723955,240
723955,1782
723957,2173
723957,667
723957,3798
723958,3895
723958,637
723959,2173
723962,2172
723963,637
723963,656
723963,242
723963,255
723964,637
723965,636
723966,656
723966,242
723966,255
723967,256
723967,240
723967,1175
723967,1165
723969,582
723969,568
723969,2949
723969,575
723969,1740
723969,874
723969,613
723970,576
723970,567
723971,582
723971,568
723971,2949
723972,576
723972,1034
723972,1701
723972,567
723973,576
723973,1034
723973,1701
723973,567
723974,576
723974,595
723974,567
723975,576
723975,595
723975,567
723976,582
723976,568
723976,596
723976,575
723976,1740
723977,582
723977,568
723977,2949
723977,1034
723977,1701
723977,575
723977,1740
723978,1819
723978,1743
723980,1160
723980,639
723980,3896
723980,1892
723980,568
723981,1160
723981,3798
723981,639
723981,3896
723981,1892
723981,567
723982,568
723982,1189
723982,613
723982,3895
723982,637
723982,644
723982,1329
723982,665
723983,1160
723983,3798
723983,639
723983,3896
723983,1892
723983,568
723983,1034
723983,1701
723984,1160
723984,3798
723984,639
723984,3896
723984,1892
723984,1034
723984,1701
723984,567
723985,3798
723985,639
723985,3896
723985,1892
723985,1034
723985,1701
723985,567
723986,1160
723986,3798
723986,639
723986,3896
723986,1892
723986,2117
723986,568
723988,1160
723988,3798
723988,639
723988,3896
723988,1892
723988,2117
723988,567
723989,1034
723989,1701
723989,567
723989,1189
723989,613
723989,3895
723989,637
723989,644
723989,1329
723989,665
723990,568
723990,2117
723990,613
723990,3895
723990,637
723990,644
723990,1329
723990,665
723991,568
723991,1034
723991,1701
723991,2117
723991,613
723991,3895
723991,637
723991,644
723991,1329
723991,665
723992,567
723992,2117
723992,613
723992,3895
723992,637
723992,644
723992,1329
723992,665
723993,568
723994,567
723994,2117
723995,568
723995,613
723995,3895
723995,637
723995,644
723996,567
723996,613
723996,3895
723996,637
723996,644
723997,1160
723998,3798
723998,639
723998,3896
723998,1892
723998,567
723999,1329
723999,665
724003,255
724003,271
724003,281
724003,378
724003,1153
724004,1153
724004,2342
724004,2861
724004,1149
724004,256
724006,2342
724006,2861
724006,1149
724006,256
724007,2342
724007,2861
724007,1149
724007,256
724008,2342
724009,1153
724009,2342
724009,2861
724009,1149
724009,256
724010,255
724010,271
724010,281
724010,378
724011,255
724011,271
724011,281
724016,2342
724017,255
724017,3879
724018,255
724018,271
724018,281
724018,378
724018,1153
724020,378
724021,2342
724021,2861
724021,1149
724021,1865
724022,2275
724023,2276
724023,3415
724027,2506
724027,3422
724027,2013
724029,1230
724029,3415
724029,2828
724029,1819
724029,1330
724029,508
724029,3107
724029,3514
724029,2816
724029,1154
724029,281
724034,1230
724034,3415
724034,2828
724034,1819
724034,1330
724034,508
724035,2855
724035,205
724037,1230
724037,3415
724037,2828
724037,613
724037,637
724038,1248
724038,711
724039,509
724039,841
724039,1248
724039,711
724040,242
724040,884
724040,217
724040,2479
724040,115
724043,114
724043,788
724043,216
724043,226
724044,114
724044,788
724044,216
724044,226
724044,952
724044,1782
724046,818
724046,242
724046,884
724046,217
724046,2479
724046,115
724047,2479
724047,115
724048,2028
724048,884
724048,215
724049,214
724049,228
724049,1176
724050,214
724050,228
724050,1176
724053,1901
724053,613
724055,1901
724055,613
724055,3896
724056,1901
724057,1901
724058,3899
724058,1892
724058,603
724058,1900
724060,3899
724060,1892
724060,603
724060,1900
724061,3899
724061,1892
724061,603
724061,1900
724062,3899
724062,1892
724062,603
724062,1900
724063,3899
724063,1892
724063,603
724063,1900
724064,3899
724064,1892
724064,603
724064,1900
724065,3899
724065,1892
724065,603
724065,1900
724066,3899
724066,1892
724066,603
724066,1900
724067,1892
724067,603
724067,1900
724069,1892
724069,603
724069,1900
724070,3896
724071,3896
724071,3144
724072,3899
724073,3899
724074,281
724074,403
724074,3406
724077,3405
724077,3404
724077,3924
724077,2855
724078,3405
724078,3404
724078,3924
724078,2855
724080,256
724080,3806
724081,256
724081,3806
724082,256
724083,613
724084,255
724086,636
724086,818
724086,508
724086,3106
724086,3514
724088,3514
724088,396
724089,509
724089,2816
724089,1782
724089,638
724090,3901
724091,864
724091,3890
724091,3518
724091,3106
724091,509
724091,2816
724091,1782
724091,638
724092,115
724092,1139
724092,981
724093,994
724095,115
724095,1139
724095,981
724095,799
724095,1025
724097,91
724097,798
724097,994
724098,994
724099,115
724099,1139
724099,981
724099,799
724099,1025
724100,3514
724100,2816
724100,3797
724100,255
724101,256
724102,1901
724102,604
724102,711
724103,1901
724103,604
724103,711
724104,1901
724104,604
724104,711
724105,1248
724105,711
724107,711
724108,3415
724108,2828
724108,613
724109,1901
724109,602
724110,603
724110,1900
724111,378
724112,2274
724112,3415
724112,2828
724112,1740
724112,2815
724112,3891
724112,396
724112,2342
724113,2274
724113,3415
724113,2828
724113,1740
724113,2815
724114,2274
724114,3415
724114,2828
724114,1740
724114,2815
724115,378
724115,864
724115,2816
724115,546
724115,1741
724115,711
724115,2305
724116,2815
724116,3891
724116,396
724116,2342
724117,1740
724117,2815
724117,3891
724117,396
724117,2342
724118,2274
724118,3415
724118,2828
724120,378
724120,864
724120,2816
724122,711
724122,2305
724124,51
724124,2274
724124,3415
724124,2828
724124,613
724124,3895
724124,638
724126,647
724126,637
724127,639
724127,3896
724127,1248
724127,711
724127,2305
724128,2305
724129,638
724129,700
724130,1160
724130,651
724130,656
724130,508
724130,3106
724130,3514
724130,3901
724131,1160
724131,651
724131,656
724131,508
724131,3106
724131,3514
724131,3901
724132,3890
724132,3518
724132,3106
724132,509
724132,2816
724132,1175
724132,650
724132,665
724137,1160
724137,651
724138,3890
724138,3518
724139,1901
724139,604
724139,711
724139,2305
724140,1901
724141,711
724141,2305
724143,603
724143,1900
724144,2274
724144,3415
724144,2828
724145,3526
724145,546
724145,1178
724145,1248
724145,711
724146,3415
724146,2828
724146,1819
724146,617
724146,1330
724146,3517
724148,1819
724148,617
724148,1330
724148,3517
724149,1819
724149,617
724149,1330
724150,1248
724150,711
724151,3415
724151,2828
724151,613
724156,94
724156,1125
724156,3762
724156,216
724156,226
724156,240
724157,94
724157,1125
724157,3762
724157,216
724157,226
724158,799
724158,94
724158,1125
724158,3762
724158,216
724158,226
724161,94
724161,1125
724161,3762
724162,242
724162,884
724162,217
724162,115
724162,91
724162,3136
724164,242
724164,884
724164,217
724164,115
724164,91
724165,242
724165,884
724165,217
724165,115
724165,91
724165,3136
724166,115
724166,91
724167,115
724167,91
724167,3136
724168,94
724168,1125
724168,3762
724169,1125
724169,114
724169,211
724169,240
724170,1125
724170,114
724171,242
724171,212
724171,115
724171,1025
724172,115
724172,1025
724175,3574
724176,255
724176,261
724176,179
724176,3222
724178,3221
724178,180
724178,262
724178,256
724179,3221
724179,180
724179,262
724179,256
724179,3806
724179,901
724181,1312
724181,818
724181,241
724182,977
724182,1312
724182,1871
724182,1782
724185,255
724185,261
724185,179
724185,3800
724186,255
724186,261
724186,2492
724186,3800
724188,3799
724188,3802
724188,2869
724188,262
724188,256
724190,3799
724190,3802
724190,180
724190,262
724190,256
724193,255
724193,261
724193,179
724193,3800
724194,3799
724194,3802
724194,180
724195,3799
724195,3802
724195,180
724195,256
724196,656
724196,241
724200,3884
724200,3415
724200,2828
724202,711
724204,1901
724204,602
724206,3517
724206,480
724207,480
724208,481
724208,3526
724210,1289
724210,2029
724210,637
724210,668
724211,674
724211,3811
724212,667
724212,642
724212,636
724212,1176
724213,2172
724213,675
724214,638
724215,637
724215,666
724215,212
724215,195
724215,179
724216,180
724216,1142
724216,824
724216,638
724217,637
724218,1160
724220,665
724221,1313
724221,1742
724221,3517
724221,3573
724222,2816
724222,952
724222,1782
724224,481
724224,3526
724225,3518
724225,1218
724225,1219
724225,472
724226,475
724226,471
724226,463
724226,3514
724227,378
724227,3890
724227,480
724227,3134
724228,3134
724228,463
724228,481
724228,3891
724228,2341
724229,3134
724229,3132
724229,3514
724229,317
724229,281
724229,3934
724230,3933
724230,2863
724230,316
724230,3518
724230,3892
724230,1249
724230,3134
724231,480
724231,2035
724231,350
724232,3807
724232,349
724232,1215
724232,481
724233,480
724233,347
724233,2666
724233,897
724233,18
724234,18
724234,896
724234,1215
724234,481
724236,896
724236,348
724236,1215
724236,481
724237,637
724237,656
724237,1330
724237,3517
724237,480
724238,481
724238,3526
724238,547
724238,1175
724238,638
724239,636
724239,818
724239,241
724239,494
724239,3900
724240,3901
724240,952
724240,1782
724240,638
724243,526
724243,538
724244,539
724244,527
724245,3412
724245,1306
724245,2863
724245,3900
724245,2527
724246,2528
724246,3901
724246,2855
724246,1174
724246,3416
724246,116
724247,242
724247,884
724247,217
724247,212
724247,3547
724247,2884
724248,251
724248,1759
724248,1142
724248,216
724248,226
724248,240
724249,2863
724249,316
724249,3518
724249,1249
724249,3134
724250,3134
724250,3132
724250,3514
724250,317
724250,281
724250,1906
724251,518
724251,436
724251,3134
724252,469
724252,2905
724252,435
724252,1011
724253,891
724253,1138
724253,3412
724253,211
724253,240
724253,3518
724253,3104
724253,509
724253,546
724253,27
724254,26
724254,1330
724254,508
724254,3104
724254,3514
724254,242
724254,212
724254,3416
724254,1251
724255,216
724255,226
724255,240
724255,305
724255,3900
724256,3901
724256,304
724256,242
724256,884
724256,217
724257,2880
724257,553
724257,1740
724257,1330
724257,508
724257,3105
724257,3514
724257,242
724257,212
724257,129
724257,1251
724258,3008
724258,891
724258,1138
724258,211
724258,240
724258,3105
724258,509
724258,546
724258,1743
724258,554
724259,803
724259,553
724259,1740
724259,1330
724259,508
724259,3103
724259,480
724259,2527
724260,2528
724260,481
724260,3103
724260,509
724260,546
724260,1743
724260,554
724261,16
724261,3547
724261,256
724261,1151
724261,494
724261,3518
724261,3102
724261,509
724261,546
724261,613
724261,3895
724261,637
724262,3811
724262,639
724262,3896
724262,1819
724262,1330
724262,508
724262,3102
724262,3514
724262,1154
724262,255
724262,1759
724262,15
724263,1215
724263,481
724263,3104
724263,509
724263,3805
724263,255
724263,3874
724263,3801
724264,3802
724264,3879
724264,256
724264,3806
724264,508
724264,3103
724264,480
724264,2035
724265,3412
724265,3547
724265,256
724265,1151
724265,305
724265,3891
724266,3890
724266,304
724266,2855
724266,255
724266,1759
724266,3416
724267,3105
724267,509
724267,841
724267,804
724267,576
724267,567
724268,575
724268,977
724268,1330
724268,3105
724269,1125
724269,788
724269,216
724269,226
724269,240
724269,1330
724269,508
724269,3107
724269,3892
724269,1249
724269,3134
724270,469
724270,3132
724270,3906
724270,3104
724270,547
724270,242
724270,884
724270,217
724270,2479
724271,55
724271,2274
724271,2304
724271,3415
724271,2828
724271,3239
724271,1740
724271,1330
724271,2954
724271,508
724271,3102
724271,3514
724271,2861
724271,1149
724271,251
724272,2884
724272,271
724272,2863
724272,3518
724272,3102
724272,509
724272,2953
724272,546
724272,1741
724272,3240
724272,711
724272,2273
724272,2305
724273,2863
724273,316
724273,2816
724273,1178
724273,613
724273,3895
724274,3899
724274,1819
724274,617
724274,2815
724274,317
724274,281
724275,3891
724275,3138
724275,3924
724275,3406
724275,3405
724275,3404
724275,3403
724277,636
724277,818
724277,508
724277,3106
724277,3514
724277,1000
724277,2342
724278,864
724278,3890
724278,3518
724278,3106
724278,509
724278,2816
724278,1782
724278,638
724279,3899
724279,637
724279,666
724279,212
724279,255
724279,271
724279,2863
724280,284
724280,2861
724280,1149
724280,256
724280,1142
724280,824
724280,639
724280,3896
724281,26
724281,445
724281,3906
724281,319
724281,2855
724281,255
724282,256
724282,1151
724282,318
724282,3892
724282,27
724283,26
724283,3133
724283,3906
724283,319
724283,2855
724283,255
724284,256
724284,1151
724284,318
724284,3892
724284,1249
724284,27
724285,636
724285,818
724285,242
724285,255
724285,271
724286,1149
724286,256
724286,240
724286,1782
724286,639
724287,3895
724287,637
724287,668
724287,2172
724288,2173
724288,667
724288,3798
724288,639
724288,3896
724289,637
724289,656
724289,242
724289,255
724290,256
724290,240
724290,1175
724290,1318
724290,636
724291,576
724291,567
724292,582
724292,568
724292,2949
724292,575
724292,1740
724293,1160
724293,3798
724293,639
724293,3896
724293,1892
724293,568
724294,567
724294,1189
724294,613
724294,3895
724294,637
724294,644
724294,1329
724294,665
724295,255
724295,271
724295,281
724295,378
724296,2342
724296,2861
724296,1149
724296,256
724297,3421
724297,2275
724298,2276
724298,3415
724298,2771
724299,1230
724299,3415
724299,2828
724299,1819
724299,1330
724299,508
724299,3107
724299,3514
724299,2816
724299,1154
724299,281
724300,1151
724300,494
724300,2815
724300,3518
724300,3102
724300,509
724300,841
724300,1248
724300,711
724301,884
724301,217
724301,2479
724301,115
724302,114
724302,788
724302,216
724302,226
724303,2028
724303,884
724303,215
724304,214
724304,228
724304,1176
724305,1901
724305,613
724305,3896
724306,3899
724306,1892
724306,603
724306,1900
724307,3797
724307,255
724308,256
724308,3806
724309,636
724309,818
724309,508
724309,3106
724309,3514
724309,396
724310,864
724310,3890
724310,3518
724310,3106
724310,509
724310,2816
724310,1782
724310,638
724311,115
724311,1139
724311,981
724311,799
724311,1025
724312,91
724312,798
724312,994
724313,3526
724313,3797
724313,255
724314,256
724314,3806
724315,1901
724315,604
724315,711
724316,3415
724316,2828
724316,603
724316,1900
724317,378
724317,864
724317,2816
724317,546
724317,1741
724317,711
724317,2305
724318,2274
724318,3415
724318,2828
724318,1740
724318,2815
724318,3891
724318,396
724318,2342
724319,647
724319,639
724319,3896
724319,1248
724319,711
724319,2305
724320,51
724320,2274
724320,3415
724320,2828
724320,613
724320,3895
724320,638
724320,700
724321,1160
724321,651
724321,656
724321,508
724321,3106
724321,3514
724321,3901
724322,3890
724322,3518
724322,3106
724322,509
724322,2816
724322,1175
724322,650
724322,665
724323,1901
724323,604
724323,711
724323,2305
724324,2274
724324,3415
724324,2828
724324,603
724324,1900
724325,3526
724325,546
724325,1178
724325,1248
724325,711
724326,3415
724326,2828
724326,1819
724326,617
724326,1330
724326,3517
724327,242
724327,884
724327,217
724327,115
724327,91
724328,94
724328,1125
724328,3762
724328,216
724328,226
724329,242
724329,212
724329,115
724329,1025
724330,1125
724330,114
724330,211
724331,3805
724331,255
724331,261
724331,179
724331,3222
724332,3221
724332,180
724332,262
724332,256
724332,3806
724333,977
724333,1312
724333,818
724333,241
724334,255
724334,261
724334,179
724334,3800
724335,3799
724335,3802
724335,180
724335,262
724335,256
724336,255
724336,261
724336,179
724336,3800
724337,3799
724337,3802
724337,180
724337,256
724338,1901
724338,604
724338,711
724339,3884
724339,3415
724339,2828
724339,603
724339,1900
724340,481
724340,3526
724340,1743
724340,554
724341,553
724341,1742
724341,480
724342,1289
724342,2029
724342,637
724342,668
724342,2172
724342,675
724343,674
724343,3811
724343,667
724343,642
724343,636
724343,1176
724344,637
724344,666
724344,212
724344,195
724344,179
724345,180
724345,1142
724345,824
724345,638
724346,665
724347,1160
724348,2816
724348,952
724348,1782
724348,1313
724348,1742
724348,3517
724349,553
724349,1742
724349,3517
724349,480
724350,481
724350,3526
724350,1743
724350,554
724352,3518
724352,1218
724352,1219
724352,472
724352,3294
724353,3295
724353,475
724353,471
724353,463
724353,3514
724359,378
724359,3890
724359,480
724359,3134
724360,3134
724360,463
724360,481
724360,3891
724360,2341
724361,481
724361,3891
724361,2341
724363,3134
724363,463
724363,481
724363,3891
724363,2341
724365,378
724365,3890
724365,480
724365,3134
724372,378
724372,3890
724372,480
724372,3894
724373,378
724373,3890
724373,480
724373,3894
724374,3134
724374,3132
724374,3514
724374,317
724374,281
724377,3518
724377,3892
724377,1249
724377,3134
724378,469
724378,3132
724378,3514
724378,317
724378,281
724378,3934
724379,480
724379,2035
724379,350
724380,480
724380,2035
724380,350
724380,2010
724382,480
724382,2035
724382,350
724383,3807
724383,349
724383,1215
724383,481
724384,480
724384,347
724384,2666
724384,897
724384,18
724384,864
724385,480
724385,347
724385,2666
724385,897
724385,18
724385,2010
724386,480
724386,347
724386,2666
724386,897
724386,18
724387,480
724387,347
724387,2666
724387,897
724388,480
724388,347
724388,2666
724388,897
724389,480
724389,347
724389,2666
724389,897
724389,864
724390,481
724390,3526
724390,547
724390,1175
724390,638
724391,481
724391,3526
724391,547
724391,1175
724391,638
724392,637
724393,638
724394,656
724394,1330
724394,3517
724394,480
724395,481
724395,3526
724395,547
724395,1175
724398,1782
724398,638
724399,3901
724399,952
724399,1782
724399,638
724400,638
724401,638
724402,636
724402,818
724402,241
724402,494
724402,3900
724404,637
724413,2861
724413,1149
724413,256
724413,1142
724413,824
724415,666
724415,212
724415,255
724415,271
724415,281
724416,2861
724416,1149
724416,256
724416,1142
724416,824
724417,2861
724417,1149
724417,256
724417,1142
724417,824
724420,2861
724420,1149
724420,256
724420,1142
724420,824
724420,879
724421,2861
724421,1149
724427,666
724427,212
724427,255
724427,271
724427,281
724431,526
724431,538
724432,539
724432,527
724434,539
724434,528
724434,527
724435,3412
724435,1306
724435,2863
724435,3900
724435,2527
724437,3131
724438,1306
724438,2863
724438,3900
724438,2527
724440,2528
724440,3901
724440,2855
724443,2528
724443,3901
724445,251
724445,1759
724445,1142
724445,216
724445,226
724445,240
724446,251
724446,1759
724446,1142
724446,216
724446,226
724446,240
724448,818
724448,241
724450,212
724450,3547
724450,2884
724451,251
724451,1759
724451,1142
724452,242
724452,884
724452,217
724452,212
724452,3547
724452,2884
724453,978
724453,952
724454,469
724454,3132
724454,3514
724454,317
724454,281
724454,1906
724455,2863
724455,316
724455,3518
724455,1249
724455,3134
724457,316
724457,3518
724457,1249
724457,3134
724459,891
724459,1138
724459,3412
724459,211
724459,240
724459,3518
724460,509
724460,546
724460,27
724461,1138
724461,3412
724461,211
724461,240
724462,3514
724462,242
724462,212
724462,3416
724462,1251
724463,26
724463,1330
724463,508
724463,3104
724463,3514
724463,242
724463,212
724463,3416
724465,26
724465,1330
724465,508
724466,26
724466,1330
724466,545
724466,543
724466,1175
724470,3901
724470,304
724470,242
724470,884
724470,217
724472,216
724472,226
724472,240
724472,305
724472,3900
724474,3901
724474,304
724474,242
724474,884
724474,217
724479,2880
724479,553
724479,1740
724479,1330
724479,508
724482,509
724483,3008
724483,891
724483,1138
724483,211
724483,240
724483,3518
724484,2880
724484,553
724484,804
724484,637
724485,553
724485,1740
724485,1330
724485,508
724485,3103
724485,480
724488,803
724488,553
724488,1740
724488,1330
724488,508
724489,509
724489,547
724491,2528
724491,481
724491,3103
724491,509
724491,546
724491,1743
724491,554
724492,2528
724492,481
724492,509
724492,547
724497,639
724497,3896
724497,1819
724497,1330
724497,508
724498,3514
724498,1154
724498,255
724498,1759
724498,15
724499,16
724499,3547
724499,256
724499,1151
724499,494
724499,3518
724499,3102
724500,16
724500,3547
724500,256
724500,1151
724500,494
724500,3518
724501,3899
724501,1819
724501,1330
724501,508
724501,3102
724501,3514
724501,1154
724501,255
724501,1759
724501,15
724502,16
724502,3547
724502,256
724502,1151
724502,494
724502,3518
724502,3102
724502,509
724502,546
724502,613
724502,3895
724504,509
724504,546
724504,613
724504,3895
724504,637
724504,3833
724505,3899
724505,637
724506,509
724506,546
724506,613
724506,3895
724506,637
724507,546
724507,613
724507,3895
724507,637
724508,546
724508,613
724508,3895
724508,637
724509,546
724509,613
724509,3895
724509,637
724510,3833
724510,3811
724510,638
724511,3811
724511,638
724514,1215
724515,1215
724515,481
724516,3802
724516,3879
724516,256
724516,3806
724516,508
724516,3103
724516,480
724516,2035
724518,3802
724518,3879
724518,256
724518,3806
724518,508
724520,480
724520,2035
724523,256
724523,3806
724523,508
724525,256
724525,3806
724525,508
724526,509
724526,3805
724526,255
724528,1215
724528,481
724529,3901
724529,315
724529,952
724529,1782
724530,3412
724530,3547
724530,256
724532,305
724532,3891
724533,3890
724533,304
724533,2855
724533,255
724533,1759
724533,3416
724535,1151
724535,305
724535,3891
724536,1151
724536,305
724536,3891
724537,3412
724537,3547
724537,256
724537,1151
724537,305
724537,3891
724541,1151
724541,305
724541,3891
724542,3890
724542,304
724542,2855
724543,3890
724543,304
724549,3105
724549,509
724549,547
724550,3892
724550,1249
724550,3134
724551,1125
724551,788
724551,216
724551,226
724551,240
724551,1330
724551,3107
724551,3892
724551,1249
724551,3134
724552,1249
724552,3134
724553,788
724553,216
724553,226
724553,240
724553,1330
724553,3107
724554,788
724554,2554
724555,1125
724555,788
724555,216
724555,226
724555,240
724555,1330
724558,216
724558,226
724558,240
724558,1330
724560,469
724560,3132
724560,3906
724560,3104
724560,547
724560,242
724560,884
724560,217
724561,3906
724561,3104
724561,547
724561,242
724561,884
724561,217
724561,2479
724562,3134
724562,3132
724562,3906
724562,509
724562,547
724562,1175
724564,3134
724564,3132
724564,3906
724564,3104
724564,547
724564,242
724564,884
724564,217
724564,2479
724565,3906
724565,3104
724565,547
724565,242
724565,884
724565,217
724565,788
724567,547
724567,242
724567,884
724567,217
724567,788
724568,788
724568,2554
724572,55
724572,2796
724572,2274
724572,2304
724572,3415
724572,2828
724572,3239
724572,1740
724572,1330
724572,2954
724572,508
724576,2273
724576,2305
724577,1149
724577,251
724578,55
724578,2796
724578,2274
724578,2304
724578,3415
724578,2828
724578,3239
724578,1740
724578,1330
724578,2954
724578,508
724578,3102
724578,3514
724578,2861
724578,1149
724578,251
724579,55
724579,2274
724579,2304
724579,3415
724579,2828
724580,2274
724580,2304
724580,3415
724580,2828
724580,637
724581,55
724581,2796
724581,2274
724581,2304
724581,3415
724581,2828
724581,637
724582,2884
724582,271
724582,2863
724582,3518
724582,3102
724582,509
724582,2953
724582,546
724582,1741
724582,711
724582,2273
724582,2305
724582,2796
724583,2861
724583,1906
724583,1149
724583,251
724585,509
724585,2953
724585,546
724585,1741
724586,1759
724586,116
724587,1759
724587,116
724587,788
724588,1759
724588,1142
724590,3896
724590,1819
724590,617
724590,2815
724590,317
724590,281
724591,3896
724593,3896
724594,2863
724594,316
724594,2816
724594,1178
724594,613
724594,3895
724595,3899
724598,1178
724598,613
724598,3895
724603,3405
724603,3404
724603,3403
724603,3924
724603,864
724603,3890
724604,3405
724604,3404
724604,3403
724604,3924
724604,864
724604,3890
724604,3526
724605,3405
724605,3404
724605,3403
724605,3924
724605,864
724605,3890
724606,271
724606,281
724608,864
724608,3890
724608,3518
724608,3106
724609,864
724609,3890
724609,3518
724609,3106
724609,509
724609,2816
724609,1782
724609,638
724614,256
724614,1142
724614,824
724614,639
724616,284
724616,2861
724616,1149
724616,256
724616,205
724616,1142
724616,824
724618,666
724618,212
724618,255
724618,271
724618,2863
724621,639
724621,3896
724622,3899
724622,637
724624,637
724625,1151
724625,318
724625,3892
724625,27
724626,3892
724626,27
724627,256
724628,26
724628,445
724628,3906
724628,319
724628,2855
724628,255
724629,26
724629,445
724629,3906
724629,319
724631,26
724631,445
724631,3906
724631,319
724632,255
724633,1151
724633,318
724633,3892
724633,1249
724633,27
724634,256
724635,26
724635,3133
724635,3906
724635,319
724635,2855
724635,255
724637,255
724638,1149
724638,256
724638,240
724638,1782
724638,639
724639,639
724640,636
724640,818
724640,242
724640,255
724640,271
724642,1149
724642,256
724642,240
724642,1782
724643,2173
724643,667
724643,3798
724643,639
724643,3896
724645,3895
724645,637
724646,2173
724647,639
724647,3896
724648,667
724648,3798
724648,639
724648,3896
724649,2172
724650,637
724650,656
724650,242
724650,255
724651,637
724652,636
724653,656
724653,242
724653,255
724654,256
724654,240
724654,1175
724654,1165
724655,582
724655,568
724655,2949
724655,575
724656,582
724656,568
724656,2949
724656,575
724656,1740
724656,874
724656,613
724657,576
724657,567
724658,582
724658,568
724658,2949
724665,1819
724665,1743
724666,1819
724666,1743
724667,1160
724667,639
724667,3896
724667,1892
724667,568
724668,1160
724668,3798
724668,639
724668,3896
724668,1892
724668,567
724669,568
724669,1189
724669,613
724669,3895
724669,637
724669,644
724669,1329
724669,665
724682,568
724682,613
724682,3895
724682,637
724682,644
724683,567
724683,613
724683,3895
724683,637
724683,644
724684,1160
724686,1329
724686,665
724688,2861
724688,1149
724688,256
724690,255
724690,271
724690,281
724690,378
724690,1153
724691,1153
724691,2342
724691,2861
724691,1149
724691,256
724692,1153
724692,2342
724692,2861
724692,1149
724692,256
724693,2342
724693,2861
724693,1149
724693,256
724696,1153
724696,2342
724696,2861
724696,1149
724696,256
724697,255
724697,271
724697,281
724697,378
724699,255
724699,271
724699,281
724700,255
724700,271
724700,281
724700,378
724700,1153
724703,2342
724704,255
724704,3879
724709,2275
724710,2276
724710,3415
724711,1230
724711,3415
724711,2828
724711,1819
724711,1330
724711,508
724711,3107
724711,3514
724711,2816
724711,1154
724711,281
724716,1230
724716,3415
724716,2828
724716,1819
724716,1330
724716,508
724717,2855
724717,205
724719,1230
724719,3415
724719,2828
724719,613
724719,637
724720,1248
724720,711
724721,509
724721,841
724721,1248
724721,711
724724,216
724724,226
724725,114
724725,788
724725,216
724725,226
724726,114
724726,788
724726,216
724726,226
724726,952
724726,1782
724727,114
724727,788
724727,216
724727,226
724727,952
724727,1782
724728,818
724728,242
724728,884
724728,217
724728,2479
724728,115
724735,1901
724735,613
724738,1901
724741,3899
724748,3899
724748,1892
724748,603
724748,1900
724749,1892
724749,603
724749,1900
724751,1892
724751,603
724751,1900
724752,3896
724754,3899
724756,256
724756,3806
724757,256
724757,3806
724758,256
724759,613
724760,255
724762,636
724762,818
724762,508
724762,3106
724762,3514
724764,3514
724764,396
724765,509
724765,2816
724765,1782
724765,638
724766,3901
724767,864
724767,3890
724767,3518
724767,3106
724767,509
724767,2816
724767,1782
724767,638
724771,115
724771,1139
724771,981
724771,799
724771,1025
724773,91
724773,798
724773,994
724775,115
724775,1139
724775,981
724775,799
724775,1025
724776,3514
724776,2816
724776,3797
724776,255
724777,256
724778,1901
724778,604
724778,711
724781,1248
724781,711
724782,1248
724782,711
724784,3415
724784,2828
724784,613
724786,603
724786,1900
724787,378
724789,2274
724789,3415
724789,2828
724789,1740
724789,2815
724790,2274
724790,3415
724790,2828
724790,1740
724790,2815
724791,378
724791,864
724791,2816
724791,546
724791,1741
724791,711
724791,2305
724792,2815
724792,3891
724792,396
724792,2342
724793,1740
724793,2815
724793,3891
724793,396
724793,2342
724794,2274
724794,3415
724794,2828
724795,2274
724796,378
724796,864
724796,2816
724798,711
724798,2305
724799,711
724799,2305
724800,51
724800,2274
724800,3415
724800,2828
724800,613
724800,3895
724800,638
724802,647
724802,637
724803,639
724803,3896
724803,1248
724803,711
724803,2305
724804,2305
724805,638
724805,700
724806,1160
724806,651
724806,656
724806,508
724806,3106
724806,3514
724806,3901
724807,1160
724807,651
724807,656
724807,508
724807,3106
724807,3514
724807,3901
724808,3890
724808,3518
724808,3106
724808,509
724808,2816
724808,1175
724808,650
724808,665
724813,1160
724813,651
724814,3890
724814,3518
724815,1901
724815,604
724815,711
724815,2305
724817,711
724817,2305
724818,711
724818,2305
724819,603
724819,1900
724820,2274
724820,3415
724820,2828
724821,3526
724821,546
724821,1178
724821,1248
724821,711
724822,3415
724822,2828
724822,1819
724822,617
724822,1330
724822,3517
724824,1819
724824,617
724824,1330
724824,3517
724825,1819
724825,617
724825,1330
724826,1248
724826,711
724827,3415
724827,2828
724827,613
724830,94
724830,1125
724830,3762
724830,216
724830,226
724831,884
724831,217
724831,115
724831,91
724832,94
724832,1125
724832,3762
724832,216
724832,226
724832,240
724833,94
724833,1125
724833,3762
724833,216
724833,226
724834,799
724834,94
724834,1125
724834,3762
724834,216
724834,226
724836,799
724836,94
724836,1125
724836,3762
724836,216
724836,226
724838,242
724838,884
724838,217
724838,115
724838,91
724838,3136
724839,884
724839,217
724839,115
724839,91
724839,3136
724840,242
724840,884
724840,217
724840,115
724840,91
724841,242
724841,884
724841,217
724841,115
724841,91
724841,3136
724842,115
724842,91
724843,115
724843,91
724843,3136
724845,1125
724845,114
724845,211
724845,240
724846,1125
724846,114
724847,242
724847,212
724847,115
724847,1025
724848,115
724848,1025
724856,977
724856,1312
724856,818
724856,241
724857,1312
724857,818
724857,241
724858,977
724858,1312
724858,1871
724858,1782
724859,494
724861,255
724861,261
724861,179
724861,3800
724863,3799
724863,3802
724863,180
724863,262
724863,256
724866,3799
724866,3802
724866,180
724866,262
724866,256
724868,3799
724868,3802
724868,180
724868,256
724870,3799
724870,3802
724870,180
724876,3884
724876,3415
724876,2828
724877,3884
724877,3415
724877,2828
724878,711
724879,603
724879,1900
724881,553
724881,1742
724881,3517
724881,480
724881,2527
724882,3517
724882,480
724886,1289
724886,2029
724886,637
724886,668
724887,674
724887,3811
724888,667
724888,642
724888,636
724888,1176
724889,2172
724889,675
724890,638
724891,637
724891,666
724891,212
724891,195
724891,179
724892,180
724892,1142
724892,824
724892,638
724893,637
724897,1313
724897,1742
724897,3517
724897,3573
724898,2816
724898,952
724898,1782
724901,638
724901,3124
724902,3123
724902,636
724903,638
724903,3124
724903,3431
724904,695
724904,3123
724904,636
724905,638
724905,3124
724905,3431
724906,695
724906,3123
724906,636
724907,638
724907,3124
724908,3123
724908,636
724909,638
724909,3124
724909,3431
724910,695
724910,3123
724910,636
724911,638
724911,3124
724911,3431
724912,695
724912,3123
724912,636
724913,3518
724913,3894
724913,472
724913,3269
724913,3276
724913,3316
724914,3308
724914,26
724915,27
724915,3287
724915,3300
724916,3305
724916,3269
724916,471
724916,3514
724917,515
724917,518
724917,27
724917,3287
724917,3313
724918,3280
724918,3308
724918,26
724919,3518
724919,3894
724919,472
724919,3269
724919,3304
724919,3276
724920,3305
724920,3274
724920,3269
724920,471
724920,3514
724921,3518
724921,3894
724921,472
724921,3269
724921,3276
724921,3341
724921,3316
724922,3518
724922,3894
724922,472
724922,3302
724922,3332
724924,515
724924,518
724924,27
724924,3287
724924,3313
724924,3300
724925,3300
724925,3280
724925,3308
724925,26
724926,515
724926,518
724926,27
724926,3287
724926,3313
724926,3300
724927,3322
724927,3280
724927,3308
724927,26
724928,3322
724928,3367
724928,3300
724928,3280
724928,3308
724928,26
724929,515
724929,518
724929,27
724929,3287
724929,3313
724931,3300
724931,3280
724931,3308
724931,26
724935,3518
724935,3894
724935,472
724935,3269
724935,3304
724935,3276
724937,3518
724937,3894
724937,472
724937,3349
724938,471
724939,3270
724939,3305
724939,3274
724939,3269
724939,471
724939,3514
724940,3518
724940,3894
724940,472
724940,3269
724940,3276
724940,3316
724941,3308
724941,26
724942,27
724942,3287
724942,3300
724943,3305
724943,3269
724943,471
724943,3514
724944,515
724944,518
724944,27
724944,3287
724944,3313
724945,3280
724945,3308
724945,26
724946,3518
724946,3894
724946,472
724946,3269
724946,3304
724946,3276
724947,3305
724947,3274
724947,3269
724947,471
724947,3514
724949,3518
724949,3894
724949,472
724949,3302
724949,3332
724950,3518
724950,3894
724950,472
724950,3349
724950,3276
724950,3316
724960,3518
724960,3894
724960,472
724960,3349
724960,3304
724960,3276
724963,3518
724963,3894
724963,472
724964,3518
724964,3894
724964,472
724964,3349
724965,471
